desvioMaximo =  [0 0 -1.4552e-11 0 13648 0];
x =  [[1.2275e+5 1.2275e+5 0 0]
         [0 0 0 2.9104e-11]
         [0 -2.0373e-10 1e+5 1e+5]
         [0 0 0 0]
         [1.2377e+5 1.2377e+5 1.2623e+5 1.2623e+5]
         [0 0 0 0]
         [1.7214e+5 1.7214e+5 0 0]
         [0 0 1.2723e+6 1.1771e+6]
         [0 2.5238e+6 4.7622e+5 0]
         [0 0 1.0549e+6 1.0549e+6]
         [0 0 0 0]
         [2.4537e+6 0 0 5.4632e+5]
         [0 0 0 0]
         [0 0 0 0]
         [1.2766e+5 1.2766e+5 0 -2.9104e-10]];
y =  [[1 1 0 0]
         [0 0 0 0]
         [0 0 1 1]
         [0 0 0 0]
         [1 1 1 1]
         [0 0 0 0]
         [1 1 0 0]
         [0 0 1 1]
         [0 1 1 0]
         [0 0 1 1]
         [0 0 0 0]
         [1 0 0 1]
         [0 0 0 0]
         [0 0 0 0]
         [1 1 0 0]];
